0.000000000000000000e+00 1.666666666666666741e+00 3.333333333333333481e+00 5.000000000000000000e+00 6.666666666666666963e+00 8.333333333333333925e+00 1.000000000000000000e+01 1.166666666666666785e+01 1.333333333333333393e+01 1.500000000000000000e+01
9.615425239888686360e-01 9.633742958530641110e-01 9.675753952249656065e-01 9.721134092088714596e-01 9.760194659325738264e-01 9.791132031423221971e-01 9.815146302222415020e-01 9.833599286350235280e-01 9.847797971435008346e-01 9.858862085969840594e-01
6.302161533600959993e-03 6.028209837156619719e-03 5.510705618157798677e-03 5.049460597532586317e-03 4.747745950345699968e-03 4.548284958793166050e-03 4.435281024533532443e-03 4.378587898438952332e-03 4.350021845055051031e-03 4.372820314012254919e-03
5.491344473597645909e-03 5.341226129893128505e-03 5.015525052878067221e-03 4.709407495817189045e-03 4.491574532104806311e-03 4.360858414470016910e-03 4.297232760741386340e-03 4.276378370395001079e-03 4.283007055291570067e-03 4.325337533217567601e-03
4.678177110943204653e-03 4.450410295615658818e-03 3.927057208264916888e-03 3.324049773393733531e-03 2.827150180517823408e-03 2.401189136057801932e-03 2.058468246898037535e-03 1.779274627244809004e-03 1.521624976182467393e-03 1.373119342730544368e-03
3.914079668684289359e-03 3.729987574187076937e-03 3.292726444629745508e-03 2.809149357596130159e-03 2.380342068605934003e-03 2.026014079905769094e-03 1.741351414744629622e-03 1.510406908175832008e-03 1.317769920636147063e-03 1.213426203593104269e-03
1.849218827852050495e-03 1.486193990933304399e-03 8.561339238259968454e-04 4.258749841548059578e-04 2.068667155261660895e-04 9.440013080452835936e-05 2.541748518281039537e-05 2.953802645877523503e-05 3.740425610343489637e-05 4.915878676203799813e-05
6.500429477653835164e-04 5.399072182138420217e-04 3.167196226928625791e-04 1.443014915724072367e-04 5.190169600199912026e-05 8.811612298820215017e-06 -1.115597638889909149e-05 2.723322098330260843e-05 4.103006220768090628e-05 4.957259074023223633e-05
3.796352017524742307e-03 3.784757517039066647e-03 3.770030874871555145e-03 3.777085639472099743e-03 3.808611246613317815e-03 3.861641544028423297e-03 3.928585011749996872e-03 4.000667605561827531e-03 4.075039681517126505e-03 4.151347273228482918e-03
3.796352017524742307e-03 3.784757517039066647e-03 3.770030874871555145e-03 3.777085639472099743e-03 3.808611246613317815e-03 3.861641544028423297e-03 3.928585011749996872e-03 4.000667605561827531e-03 4.075039681517126505e-03 4.151347273228482918e-03
