0.000000000000000000e+00 1.666666666666666741e+00 3.333333333333333481e+00 5.000000000000000000e+00 6.666666666666666963e+00 8.333333333333333925e+00 1.000000000000000000e+01 1.166666666666666785e+01 1.333333333333333393e+01 1.500000000000000000e+01
9.105253858404191991e-01 9.103373047287710573e-01 9.094638176077554093e-01 9.073688086571394251e-01 9.037462238801057257e-01 8.987839871414901038e-01 8.929038469339684037e-01 8.863199420040568377e-01 8.793298546047948472e-01 8.721170798457048567e-01
1.192908469192849839e-02 1.044220393658670983e-02 8.195490301639121386e-03 6.902747740994428019e-03 6.318561592579081607e-03 6.040959444173886299e-03 5.889977933090098476e-03 5.795314044246612645e-03 5.728409141488227663e-03 5.672415896116270694e-03
7.218510242226902629e-03 6.971178042909836024e-03 6.505357216680970715e-03 6.166281942441407919e-03 5.937809604255411822e-03 5.801373606267496569e-03 5.727204416813480060e-03 5.681753992688268716e-03 5.646180586142262973e-03 5.610974147151045165e-03
5.524157474209534513e-03 5.317721507670958303e-03 4.795957907037351475e-03 4.121467214946106239e-03 3.505830967968748269e-03 2.975244695582301979e-03 2.533361962906766074e-03 2.166056437775898402e-03 1.861744035989154611e-03 1.606149665862699472e-03
4.659864951886083517e-03 4.475641657684770180e-03 4.008079551018450815e-03 3.488231688539511488e-03 2.972977778809560157e-03 2.526437878839327134e-03 2.155637448366332087e-03 1.847659598646855805e-03 1.591194737607604104e-03 1.376817225666626676e-03
9.315384672889059914e-03 7.479964049985410313e-03 4.400258781979138334e-03 2.293658278272214801e-03 1.152234874539859177e-03 6.232742397090929032e-04 3.487065928093890932e-04 1.615249447854960607e-04 7.006489760552625512e-05 9.593087703119174137e-05
2.319955724551014953e-03 1.937616119590868102e-03 1.205155234618615623e-03 6.743193652167800423e-04 3.365433195763323226e-04 1.428570410756391240e-04 4.215084639447308490e-05 -2.661520117464011292e-05 -6.150749118138953975e-05 4.752989725020917433e-06
5.001035311157218943e-03 4.981124253724911709e-03 4.980218036371728343e-03 5.039897426976208510e-03 5.128910665739941019e-03 5.220406040690522484e-03 5.305876075571003617e-03 5.372873911792799481e-03 5.416979910140726391e-03 5.439428519265027302e-03
5.001035311157218943e-03 4.981124253724911709e-03 4.980218036371728343e-03 5.039897426976208510e-03 5.128910665739941019e-03 5.220406040690522484e-03 5.305876075571003617e-03 5.372873911792799481e-03 5.416979910140726391e-03 5.439428519265027302e-03
