7.500000000000000000e+00 5.879522912186340545e+04 2.714218351826549042e+04 1.096960234292882087e+05
1.231250000000000000e+01 1.148060622828656960e+04 6.619352172017608609e+03 1.833343256702696090e+04
1.712500000000000000e+01 3.607436448286347513e+03 2.299268555120862402e+03 5.338815731388151107e+03
2.193750000000000000e+01 1.465343132140457101e+03 9.942607238879405713e+02 2.065026322233628434e+03
2.675000000000000000e+01 6.994311985280605768e+02 4.958722258288270837e+02 9.517619657049883699e+02
3.156250000000000000e+01 3.730874110704363034e+02 2.733923973068849591e+02 4.942825047034194199e+02
3.637500000000000000e+01 2.158682088131425871e+02 1.623668949271707618e+02 2.799501032555006645e+02
4.118750000000000000e+01 1.329129847632213455e+02 1.021250359153262792e+02 1.693610554102111223e+02
4.600000000000000000e+01 8.595602613422612137e+01 6.723511899827428806e+01 1.079110797729787805e+02
5.081250000000000000e+01 5.784746717223892176e+01 4.594333721190748321e+01 7.169989462153679938e+01
5.562500000000000000e+01 4.023483263139461030e+01 3.238106586248431995e+01 4.931562144743487863e+01
6.043750000000000000e+01 2.877151847845766852e+01 2.342654284657854546e+01 3.491868048085061105e+01
6.525000000000000000e+01 2.106696500645305292e+01 1.733157282414091327e+01 2.534372013082990804e+01
7.006250000000000000e+01 1.574406691747443610e+01 1.307334977952398170e+01 1.879031353034387308e+01
7.487500000000000000e+01 1.197786456281840906e+01 1.002993372715764409e+01 1.419273727167953325e+01
7.968750000000000000e+01 9.256927584087604188e+00 7.810949218358509860e+00 1.089672167263869973e+01
8.450000000000000000e+01 7.254528973279350090e+00 6.164295805836768061e+00 8.488144158532165306e+00
8.931250000000000000e+01 5.756515325762498136e+00 4.923047447701459411e+00 6.697861254145175636e+00
9.412500000000000000e+01 4.619238388671977447e+00 3.974080313031010281e+00 5.346848524453187146e+00
9.893750000000000000e+01 3.744337986258781115e+00 3.239280569720937031e+00 4.313296655619903497e+00
1.037500000000000000e+02 3.063179024325770605e+00 2.663725136961468731e+00 3.512772967239699895e+00
1.085625000000000000e+02 2.527044527144300723e+00 2.208148118495118606e+00 2.885727218635690594e+00
1.133750000000000000e+02 2.100829099159726709e+00 1.844059060786805260e+00 2.389496112828771501e+00
1.181875000000000000e+02 1.758881915370225091e+00 1.550507965327785787e+00 1.993081785297566633e+00
1.230000000000000000e+02 1.482221376897203458e+00 1.311897547903059236e+00 1.673649350432409477e+00
1.278125000000000000e+02 1.256636377160079698e+00 1.116481986649769942e+00 1.414180807890633718e+00
1.326250000000000000e+02 1.071368111294987768e+00 9.553221885893503629e-01 1.201851177924572411e+00
1.374375000000000000e+02 9.181891043000678376e-01 8.215497356222886127e-01 1.026897376931140471e+00
1.422500000000000000e+02 7.907491824699729444e-01 7.098381409980215606e-01 8.818143573391715728e-01
1.470625000000000000e+02 6.841038896949955816e-01 6.160205438638731712e-01 7.607823685887455945e-01
1.518750000000000000e+02 5.943719891477436956e-01 5.368117516467529882e-01 6.592504214288134046e-01
1.566875000000000000e+02 5.184832734602559112e-01 4.696043983798763866e-01 5.736275224539665318e-01
1.615000000000000000e+02 4.539920012174933905e-01 4.123139149838353501e-01 5.010622746607922284e-01
1.663125000000000000e+02 3.989372017763684330e-01 3.626399356320875178e-01 4.400294211718992488e-01
1.711250000000000000e+02 3.517369617853040586e-01 3.192695564228449356e-01 3.886381846366299686e-01
1.759375000000000000e+02 3.111071518250020929e-01 2.819952343881643175e-01 3.443164200562092159e-01
1.807500000000000000e+02 2.759992860812544024e-01 2.498355965354522035e-01 3.059482358701511862e-01
1.855625000000000000e+02 2.455527457249882528e-01 2.219865314682056001e-01 2.726156811378529499e-01
1.903750000000000000e+02 2.190575268171534307e-01 1.977857749249647690e-01 2.435599823297932565e-01
1.951875000000000000e+02 1.959251742667894036e-01 1.766853352256609888e-01 2.181510853620210744e-01
2.000000000000000000e+02 1.756658488274903673e-01 1.582297840232364528e-01 1.958632432052541672e-01
